 505.41317697234183
 481.29081026780472
 503.63585960008379
 526.36530915723301
 485.39196550436833
 494.94380166222504
 480.12448200732149
 469.38109163498729
 462.15764828277236
 476.75186150256837
 470.77258093268637
 471.63715809238755
 484.29675986511188
 456.41314251369175
 422.93577594138924
 434.33131736061864
 430.70124108026317
 420.24617539223544
 399.02026496157549
 367.45198563262346
 384.47342163172289
 402.3227422414115
 405.22266077595947
 341.13392174864549
 337.25536120696307
 308.89856032940986
 279.90628551299113
 289.0682057527614
 296.84900811587795
 222.23334422683027
 263.34356993918379
 207.00202190088945
 187.95661430377692
 183.08755240611487
 134.70456085879653
 122.89998443671593
 129.72495245097727
 53.200310232369944
 63.209154918308379
 23.617787876106107
 -1.809084698621545


