1.273004911020302
0.6248757689935633
1.177375764269333
-2.020141568261938
-0.9126164344478548
-1.429906706703212
0.1256677585695042
-0.3685507337582606
-0.3600332117529826
-0.1710683786225131
-1.460893637748756
-0.05249884774825637
-0.6188893277342448
-0.2737453720439855
-1.192301220133489
-0.2409933821459537
-0.2079338312423439
-0.04722405630333042
-0.2783265548153316
-0.2966022531363121
-0.4539570340029533
-1.045511091762784
0.0264633054388033
-0.2943298334449297
0.01438068732538325
-0.3287030631847748
-0.1437963116503397
-0.9248834612834037
